      di          he          cen         cats        jd          
     0.00000     0.00000    24.74000    26.00000    24.30000
     0.00000     0.00000    24.74000    26.00000    24.30000
     0.00000     0.00000     0.00000    60.13281    46.04607
     0.00000     0.00000     0.00000     0.00000    10.00000
     0.00000     0.00000     0.00000     0.00000     0.00000
 Volume
     0.00000     0.00000     0.00000     0.00000     0.00000
     0.00000     0.00000     0.00000     0.00000     0.00000
     0.00000     0.00000     0.00000     0.00000     0.00000
     0.00000     0.00000     0.00000     0.00000     0.00000
     0.00000     0.00000     0.00000     0.00000     0.00000
