      py          al          gr          mgmj        namj        
     0.00000     0.00000    21.11758    22.67242    22.67242
     0.00000     0.00000    21.11758    22.67242    22.67242
     0.00000     0.00000     0.00000    60.71820    60.71820
     0.00000     0.00000     0.00000     0.00000    70.87914
     0.00000     0.00000     0.00000     0.00000     0.00000
 Volume
     0.00000     0.00000     1.03000     0.00000     0.00000
     0.00000     0.00000     0.00000     0.00000     0.00000
     0.00000     0.00000     0.00000     1.03000     0.00000
     0.00000     0.00000     0.00000     0.00000     0.00000
     0.00000     0.00000     0.00000     0.00000     0.00000
