      pe          wu          wuls        anao        mag         
     0.00000    44.00000   -87.00327   120.00000   137.13638
     0.00000     0.00000   -60.21906   120.00000    58.50000
     0.00000     0.00000     0.00000   120.00000    58.50000
     0.00000     0.00000     0.00000     0.00000   120.00000
     0.00000     0.00000     0.00000     0.00000     0.00000
 Volume
     0.00000     0.44000     0.00000     0.00000     0.00000
     0.00000     0.00000     0.00000     0.00000     0.00000
     0.00000     0.00000     0.00000     0.00000     0.00000
     0.00000     0.00000     0.00000     0.00000     0.00000
     0.00000     0.00000     0.00000     0.00000     0.00000
